699357419
700981823
697962413
698000713
699625763
697118502
701273173
698388561
701217533
701252492
700964401
699390527
701209145
700043468
698467520
700270396
699807522
701212687
699235110
699860886
701275346
651409156
697888285
699616526
698649599
701150592
699094941
700426927
699428033
699835202
698097017
699646978
701257758
697684702
698788491
697940889
699377867
697990341
698299819
700634798
700594165
700679591
700682944
700095450
701284344
698196815
699951928
697865986
700990413
700343870
700204006
697054562
700585256
700886465
697556717
701132123
701279567
695524032
700459651
699340824
698759447
700685550
678803705
670843818
700837012
700251226
699285452
701225546
699975387
700586510
700038599
700292936
701293590
701019660
697448290
697341248
700460076
699467494
698163981
701025232
700575977
699461097
700927700
700598162
698121934
700777194
698564058
699383132
701302038
700596120
701297582
700979850
697823544
700255689
699744390
667175031
700178984
701053968
701155372
697272162
700658785
700616996
697335698
700889016
697981318
701041246
699625091
699775888
700343464
700008146
699759024
650695361
699039947
696421387
699876559
700383418
697840758
697681068
700981077
700290794
701304731
699722647
699195045
698299233
699772692
698824616
697729243
700013172
698384937
697908854
699852670
697841850
697743118
701256098
697469525
700281151
700979550
699748480
699658009
699421356
701210817
697233881
698569576
697892226
699450327
701237130
700447649
700291043
698812009
701267777
701123243
700854501
699095494
700338392
699520957
701186015
700727422
699916300
699822005
699474719
699433606
700109376
701177313
697363680
698118896
700006573
699343076
698046527
697267572
699918570
700490421
698339696
701160818
699835231
701307721
701052596
698364572
697640248
701250373
700819636
699724328
698526062
697328143
698198542
698099829
699548313
700470219
700041279
701253865
701310964
699582342
701110512
700721304
698630114
699689615
701072777
699317811
700314875
700758933
697180713
699484777
699605561
700272028
701000032
699479198
701222639
697929044
699876521
681116887
701303025
699303497
698878892
699682441
701195074
700297828
698360506
699758915
698005570
697651925
701142083
699887303
700167510
698092894
700889737
700924604
699770884
701114356
701216518
697095216
698014178
699202573
701293300
698951550
697543154
698110042
697569531
698809559
700443268
697390735
698971568
697850914
701055044
700563240
700449795
700078246
697512369
700392091
698237676
701308077
700860565
698357746
699754842
699728568
700369488
698178386
700221914
700526088
697894288
696049318
700699556
700771190
701073815
701072829
699504809
700082667
700234721
700159062
699918968
701017136
699733280
701287916
700814982
671551937
654845960
700541275
701059514
697609524
695842326
697577496
700249213
695230026
699894898
699773691
699360402
698673421
701302582
699734380
699633220
701266764
701257035
701060006
699821333
697805494
700125505
701249558
700325151
698307049
699785419
700291003
