700910525
700965666
700835261
700920558
701229357
699860886
701287694
700962946
701053199
700720692
700423528
699995457
701308806
697467662
664384491
698502569
700395626
700201688
681280756
700313971
700021640
697743118
700178286
700238847
700195506
699722647
701256641
697852770
701304386
699777668
649583521
699826849
699857842
700343464
697861864
681343080
699879362
698156080
699709806
701295096
701046798
699674414
701203035
698290478
699807639
699386522
700039501
699894766
698411008
701153663
699939039
700297828
697272162
699103261
680823993
697772816
700015556
700277319
700348528
699826385
701057537
699084283
698483544
699563343
701198682
699392017
698140445
699000882
701057439
697724633
700298280
701145120
696532493
699385999
699968148
655657739
700415148
697030427
698217712
700540012
699110208
658043070
700328182
700234721
699350352
700797726
698898633
697916287
700448128
699667820
696188097
695288293
700408044
700352776
698742075
697365660
699511592
699602720
699121644
699622827
697372373
695974545
700839341
699749701
700188194
701058964
697984256
700339460
701219829
697591501
697242507
697454521
700460428
699367108
701041771
701202069
697966112
700850353
700999843
700941100
700172069
698540636
699026705
697721069
700422719
697345033
699815348
701275068
701174522
699866726
701052596
701300401
701002860
700994701
701170774
699783165
698488694
699961288
700744986
700538566
697981318
697075070
700339389
696431284
695592320
700183765
697986080
700954862
697671487
698325321
700926938
698562499
698984548
699960796
701252427
699628691
701246812
696767669
699612116
700891870
700452376
696955240
701143006
699859670
699787109
699996673
699191517
699279096
700287629
699749469
701284231
697430069
701204064
698078046
701132487
658714247
701270935
700910351
700474368
701107535
697239074
700735022
699850167
699180869
701178187
701287508
698201585
700277114
698924093
697822415
697347336
701286900
700101343
701190428
700904334
701267937
699632786
700493846
700176412
701010701
701293568
697274531
700961309
699829454
701228028
700377633
701284053
701292732
701196856
700536271
701291886
699309830
700863492
701099444
701151541
701303998
700467611
697221426
700474657
698105113
698376457
698992217
701231925
701195499
700120590
701211425
697828239
700067102
700855356
700982244
700941868
670843818
700158065
700655056
700560578
695470762
699944800
699652824
657442476
699579272
701222034
700849841
700953545
700692197
700202426
699321749
700919481
699697738
701278580
700409985
700563240
700661089
701080355
700313929
697982613
698020136
701065009
701134577
699340202
700850974
697256286
698979425
697540247
701010572
700884810
700882191
701262789
699050598
699491118
699299264
699982322
698563590
699229057
699512201
697837174
697872581
654718998
699709411
701102133
701245999
697770988
698684265
697420665
699784233
699730998
695964038
700410522
701286399
701065050
698014161
700726912
701184452
698094784
700267862
700953033
699959395
700451163
698131698
701262374
