701052596
700381264
701279360
700216834
700513722
701267384
701080266
701256350
700875824
665802315
697230007
698313980
700527449
698215810
701055325
701129389
700120520
699841513
699791919
700020889
701091665
701272423
701279005
700292936
701046225
699039947
701114941
700212659
699272966
701253131
660838582
698264872
700024749
700617696
698829476
697095216
697529308
700034584
698069310
699594375
701008833
701274211
698509107
700149115
699938529
698444082
700206999
697753862
698558680
698590264
697865996
697187594
699432923
701264604
700121140
701012785
699820410
701092088
701268942
701214831
699033285
699905417
698592303
697910282
699650424
699749267
700324169
699579272
698477856
698649599
700178130
700232997
650163539
697932524
700645461
700611539
700301815
701269949
700059621
700716807
701046945
698112708
699459339
700679381
699812956
699357570
698114792
700041279
700170242
701183133
700166918
655657739
701220747
698303428
699433606
701209859
699932670
699682441
696170596
700125505
701020974
697436904
672049749
701217430
699890646
700279202
700241173
699871883
700873765
701224782
699827193
697861484
701198997
697199302
700707555
699859110
700839533
697637695
697271617
700171072
701093950
696364417
698360506
697405094
697493521
699483975
700023095
699917193
701171726
700131328
697274666
701153705
701002804
700101826
698781309
699844248
701252937
699865953
698586209
698202820
697343567
697376589
699792272
699676265
700671635
699884061
697671961
700854767
701248600
700618160
697852815
700316478
699830874
699484777
700240635
701267631
697820458
697576770
698807066
700018361
699483244
700986143
700233824
697850914
698102633
700624379
700949877
700135608
700180277
700615422
700390372
700200892
699803671
699000882
700433517
698013604
699859463
697376952
701091904
701261895
701188392
701100377
701172805
700650855
700032380
695470762
697193564
698597136
701010377
701111706
698362376
699814492
701202069
697233881
701267170
697239901
700574381
700858550
700740293
698573433
700303092
699915347
698882268
696955240
700487404
701185351
700313132
701269804
698527606
701267029
700912126
663476524
700408044
700142650
701173478
697333639
699679373
697266322
700351010
697684540
699369733
701015733
698824616
697940889
697046874
701066809
697674156
700168909
699148970
698325000
697569531
698576245
695669428
701155247
696959718
701046163
700912464
699663102
700189609
698979449
698020094
697217978
701041030
697133106
697403795
699991061
700215912
699095412
698105113
698179895
701016289
700861452
701114596
700272254
701073776
701072777
699927533
699050374
701156562
679686770
699065317
700466877
699208976
700064005
697885116
700997359
697192161
699772155
698560852
700521967
701157859
699367108
697180713
699473010
700187391
699836529
699334227
700567827
700930909
700957638
699315916
695870103
700406832
699527530
697822415
699726123
699687568
701134261
695233148
697273259
700422810
698131180
699856139
700928229
700570928
698255160
700776733
699399645
697219871
