699474719
698451858
701324326
700182318
700680703
700033860
697409780
700304641
701046026
700386581
700855636
701044811
698476352
701294981
700006573
700554998
697470823
697700116
700969283
700952587
696845982
677572533
699133824
701341786
700882191
701273800
700013172
699126593
698357746
697819333
700525944
699967246
698498923
701017136
697645113
700462411
699803599
699674414
697386885
699585299
697269226
700460428
699505635
696674463
700931612
699744338
700444188
698967091
700668354
699932670
701226246
699799752
700485824
699396521
700836504
699609075
697708139
700084492
700066958
698287922
701142238
701187480
700078246
700903130
697643113
701246812
699624180
701276004
700037566
698881215
700204363
699256875
698163981
695254864
699553206
701128876
697543154
699369336
698296168
698971568
699430059
700445054
700685251
700150128
699996242
699635506
698280567
700450709
700188354
699870621
699279901
697413626
701204218
698790804
701342298
678965001
700837034
698602531
697071224
697874846
701092219
699670319
700039501
700553557
700065027
699893403
697492533
699480107
699037438
699511976
700687397
701131450
700829693
700066852
696451542
698803801
698234274
698009157
700850974
701164546
700493498
701353928
700292342
697566739
700969294
699961288
701255810
700414027
699428123
699215559
700301844
698760341
700288574
700171495
701054151
697274666
700446700
696443969
700443994
697279358
701179287
701038913
697997875
700021163
700142551
698526062
699697993
699865765
700750240
700001922
699532580
700367687
697178358
700175585
700057057
697770132
700389308
700898330
700361584
697300927
700778723
700982244
698778357
699253768
695584650
700981823
699786753
700376329
697535692
700586510
700316478
701186942
700227640
700250971
699796127
700881502
700291043
700529962
700014627
700837012
698196404
700430924
699384739
700002686
700999843
700450549
700023907
699726770
701044202
696119206
699750536
700910351
697757175
697123066
698824616
697869314
697305455
699593416
699194218
700620207
701014466
698028085
698110138
701088599
697744072
700746522
697396000
697323076
699828118
701131112
700943324
700381523
701272275
700627232
699262490
700596922
700319258
697421452
701264604
699315916
697287182
701319853
700916398
700562374
700375380
700800307
701114941
697436230
699724328
699118339
698803453
700946939
700051831
699628366
700707282
700183421
700839341
700989365
700707182
700376069
701252492
698135562
697960427
695099670
700120590
700416442
700959977
699613322
699593838
701114402
700209113
698764765
700850300
700457588
700339946
699276478
700983312
700049981
697458023
698959455
701028826
698274508
700020485
699060548
700771190
698772636
699133348
696467041
701197739
701281873
701297435
701039838
700124078
701210737
700734346
700288977
697078577
701215809
700952415
701307710
700198920
679095293
700088553
700952568
700598162
698071376
698237676
698467520
699720257
698009968
701286900
699342354
701266608
701216204
701194436
700811965
701157859
696633531
699835202
