697448290
698992585
700627232
701194550
700854767
699966985
668236366
700262112
697861864
699620355
695570832
700142650
698912232
698648461
701165264
699426032
700412616
700437631
697630854
701157992
701261895
699986662
699396521
700416144
699549690
701233361
701238832
700757304
699919030
700809552
701177399
697717658
700006276
697997875
701147442
700370951
700191266
700486515
701246498
698726356
700606033
699997687
699897303
700135340
701267915
700382662
701202069
700375056
699172745
698444082
700934000
701197831
700271863
697822876
700574381
697335698
700204145
701174401
701161842
700863969
697046874
701074356
698388338
700186363
699358269
700486881
701135137
700288977
700902971
700860565
700203032
698142800
700210064
697419846
699357570
700459651
699758971
700782565
700436313
701133930
699799752
699354309
700617167
697847007
697183241
700064005
701041029
701144185
701203075
699360259
697761909
699339626
700855260
700057057
701176212
700005983
699355184
700133440
701115342
697698652
701264994
700200892
699866150
700833623
697366469
700140080
699885931
701034459
699991061
700382636
700193096
699759024
701228267
699303249
700611323
701139292
701254487
699747269
701155001
700072106
701000125
701258247
700539214
696631794
700463332
697742633
697493521
701150566
701257035
697969924
699956854
695836448
700259572
700910525
697321589
701140113
698022715
698098523
700691607
698264872
700687812
700886878
698235085
698707285
700971797
695470762
699923654
699365208
700466877
699872972
701037513
700321744
699791919
700616996
698592303
697930236
700624379
700673527
659783706
699369733
699840815
696289537
701089147
699735842
700850974
701201929
700198920
698099829
699761105
699483244
700074568
698111885
700171620
698009157
697464117
697507462
700926938
701234061
697232282
701188392
697056106
700339460
700708337
695842326
701256388
700953499
698498923
699680761
699077458
701128569
698004689
700787090
700248482
700414018
698159804
699974488
699890646
701118399
701074843
701130436
701160076
699853502
698284135
700613746
697260095
701208646
698347975
700952587
700845267
698414217
700131516
699722647
700911047
701072663
700993653
700981823
700593685
699786989
699668642
700074155
699354582
701029915
700395626
700238847
698583425
697268715
701217430
698037790
700064192
697973002
699867399
698484301
700473777
700359437
700338164
700294934
698134084
70025097
699233420
698121934
699666486
697700116
701184869
701238872
700864914
700037964
698227017
701210817
700965666
700931731
701244861
701226368
700338392
699731010
699484777
700292342
